    1.942738     0.158550    -0.449393     1.374663     1.311576     0.340346      1
    0.827739     1.509176     2.008518     0.178260    -0.682167     0.340346      1
    0.754465     2.400591    -0.022590     1.721306     0.649798     0.340346      1
    1.302312     2.592027     0.222845     0.509212    -1.555457    -1.324644      2
    1.859476     0.367768     1.113961     1.333167    -2.035484    -1.324644      2
    1.370090     1.684449     0.612075     2.157972    -0.196269    -1.324644      2
   -2.076976    -1.087059    -0.707398    -1.810013    -1.858806    -1.191704      3
    3.353656     1.651669     0.764843     1.251660    -1.027146    -1.191704      3
    1.406398     1.237964     1.567214     0.592350    -0.062827    -1.191704      3
   -0.076778     1.017942     1.308928     0.543504    -0.894389    -1.039917      4
   -0.165962    -0.500830    -0.334781    -0.887866    -1.867620    -1.039917      4
   -1.085399    -1.663885    -0.220668    -2.040755    -1.446026    -1.039917      4
   -0.589307    -1.728844    -1.770196    -1.944504    -0.041737     1.259220      5
   -2.398977    -2.098065    -2.760746    -1.519607    -2.141241     1.259220      5
   -1.197310     0.355544    -1.978616    -2.810116    -0.178366     1.259220      5
    0.702081     2.209984     2.157237     1.434921    -0.462945    -0.447632      6
    0.342581    -0.762551    -0.061634    -0.626952    -0.772305    -0.447632      6
   -0.515980    -0.535998    -2.142077     1.279623    -2.800078    -0.447632      6
    0.572077    -0.093598     1.533720     1.295941     0.733164     0.354451      7
    1.410114     2.463545     1.388366     0.990032     3.075740     0.354451      7
   -0.003041    -1.683694    -0.466191    -2.110406    -4.101111     0.354451      7
   -0.808084    -1.369537    -2.336850    -2.553032    -1.143319    -1.052968      8
   -0.168899     0.684808     0.197302     0.592567    -0.196356    -1.052968      8
    1.144063     1.850484    -0.535710     1.214415    -0.531140    -1.052968      8
   -1.021341    -1.006265    -0.160001    -1.136770     0.185253     0.047194      9
    1.356851     0.386906     1.721410     0.082904     1.169349     0.047194      9
   -1.163616    -4.202304    -1.122993    -3.044038    -1.107556     0.047194      9
   -1.082144    -2.342613    -2.154208    -1.856429    -2.620971     0.122039     10
    0.556802    -1.195660     0.014370    -2.189977    -3.061432     0.122039     10
   -0.365025    -0.320957    -1.435588    -0.891470     1.262791     0.122039     10
    2.900139     1.092647     2.834899     0.627469    -0.163906    -0.654932     11
    2.725060     1.354238     3.115263     3.870674    -2.158748    -0.654932     11
    0.096278    -1.081001    -0.831397    -0.642012    -1.483311    -0.654932     11
    1.550536     0.529266     4.425353     3.655891     2.591887     1.492679     12
    2.674509    -0.119707    -0.424493     0.314774     2.096673     1.492679     12
    0.163419    -0.165306     0.047457     3.384512     2.156714     1.492679     12
   -2.654566    -0.994919     0.046927    -0.158430    -0.250801    -2.389389     13
    1.854453     0.607980    -0.087020    -0.396626    -2.380654    -2.389389     13
   -0.643268    -1.742680     0.055767    -1.768091    -1.411494    -2.389389     13
    0.154800    -1.237043     0.900717    -1.079078    -0.454623    -0.720024     14
    1.108032     1.112475     1.602351     1.689014    -0.205829    -0.720024     14
    0.573820    -1.199623     0.691709    -0.188400    -1.252388    -0.720024     14
   -1.606468    -1.708463    -0.871230    -1.568613    -1.146910    -0.297849     15
   -1.172606    -1.890014     0.196795    -0.795775    -1.076498    -0.297849     15
    0.044459    -1.289250     0.015922    -1.348930    -0.238963    -0.297849     15
   -0.197204     2.222129     0.530584     0.380019     1.599754     0.241406     16
   -0.917723    -2.843708    -4.117945    -2.221245    -2.611222     0.241406     16
    1.788928     2.439829     1.433483     0.930884     1.306496     0.241406     16
    1.662110     1.128532     2.417312     0.969295     1.886418     1.254082     17
   -0.784853    -2.567792    -0.002437     0.112079     0.917241     1.254082     17
   -0.928509    -2.476004    -1.218172    -2.974093    -1.271572     1.254082     17
    0.883464     0.800135     0.567290    -1.626694    -0.268811     0.603816     18
    3.206288     2.247406     2.361698     4.265973     2.461823     0.603816     18
    3.622013     1.480724     2.653566     1.806156     2.455996     0.603816     18
    0.532953    -1.475909     0.342088     1.927790     0.250969     0.204032     19
    1.497972     0.764814     0.742045     0.205222     1.179974     0.204032     19
   -3.118564     0.159825     0.311565    -2.904838    -3.182266     0.204032     19
   -1.879345    -0.800808    -0.005830    -1.051909     0.314441    -0.953799     20
    1.448734    -1.983356    -0.924401    -0.103207    -0.411945    -0.953799     20
   -0.025136     0.358854    -1.598725    -1.040307     0.220159    -0.953799     20
   -1.149055    -0.734705     1.304457     0.634804     0.613001    -0.039966     21
    1.166326     1.241269    -0.339320     0.837353    -0.280926    -0.039966     21
    2.763941     2.353140     1.874977     4.011658     2.003134    -0.039966     21
    0.743101     0.633946    -1.394679     0.160185    -1.572132    -0.228187     22
   -3.344072    -1.258542    -2.579959    -2.188186    -4.377813    -0.228187     22
    2.560827     0.595565     2.188633     2.961508     1.198873    -0.228187     22
   -2.912393    -0.899552    -2.154864    -1.324507    -2.044261    -0.083304     23
   -1.877157    -2.682765    -3.420624    -1.535321    -2.912809    -0.083304     23
   -0.365080     1.626571     1.851397     1.403051     0.500577    -0.083304     23
   -1.737674     0.244534    -1.935365    -3.075881    -0.486832     1.031582     24
   -1.111516    -0.699064    -0.357869    -1.056795     1.264611     1.031582     24
   -2.370204    -1.329661    -0.477109     0.800852    -0.696562     1.031582     24
    1.891111     1.966408     0.721607     1.271955    -0.971948    -0.758753     25
    1.035065     1.058273     2.736542     1.631142     0.904135    -0.758753     25
   -1.845165    -1.311390    -0.553140    -0.221211    -6.680266    -0.758753     25
    0.700046     0.549998     1.318771     2.087532    -1.184553    -0.610115     26
    1.290630     1.343562     0.899711     0.552092    -1.250836    -0.610115     26
   -0.386387     1.564424     0.163956     2.610981     0.894665    -0.610115     26
   -0.796442     1.054375     1.637037    -1.379017     0.677770    -0.307530     27
    1.357304     0.638816     0.039358    -0.226335    -0.729490    -0.307530     27
    1.284180    -1.451402     0.713879    -0.062205     0.608682    -0.307530     27
    1.414940     1.569666     1.735772     1.101020    -0.736895    -1.207694     28
    1.890639     1.366302    -1.432316     1.435194    -0.716513    -1.207694     28
   -1.291375    -1.153155    -0.046951    -1.201180     0.569724    -1.207694     28
    1.186818     0.304711     0.476379    -0.507491     1.148709     0.948877     29
    1.320025     1.494337     1.206114     1.677837     0.631075     0.948877     29
    0.215448     1.421392     0.088650     1.644893     1.933954     0.948877     29
    2.489281     3.012979     3.613709     1.144275     1.053924     0.693798     30
   -0.699459    -1.098167     1.067850     0.617151    -0.479962     0.693798     30
    0.691453     1.439556     1.029817     1.512949     0.653156     0.693798     30
    1.896071     1.787613     1.338837     1.068320    -0.988827    -1.212305     31
    1.031329     2.520036     1.631916     1.538334     1.642098    -1.212305     31
   -1.253596     0.090494     0.166956    -0.343418    -0.685705    -1.212305     31
   -1.971146    -2.691945    -1.213569    -0.183868    -1.337208    -0.340542     32
   -0.318375     0.897103    -0.016612     1.657493     1.848128    -0.340542     32
    0.455435    -3.075724    -1.125988    -2.256054    -3.393392    -0.340542     32
   -0.280641    -1.099247     0.033880    -0.228729     1.840660     0.670012     33
   -0.707517     1.134317     1.082394     1.886879     3.044839     0.670012     33
   -0.016514     0.977809    -0.373598     0.602029     2.722544     0.670012     33
   -0.107357     0.631056    -0.121751     1.458246     1.737493     0.211983     34
    1.231983    -0.054838     0.126840     0.109448    -0.310795     0.211983     34
    0.835729     0.267689     0.286945     0.691611     0.213991     0.211983     34
    0.482792    -1.970344    -1.960341    -2.952034     0.402525    -0.258364     35
   -0.139084    -1.280301    -2.328418    -2.510216    -0.411380    -0.258364     35
    0.917842    -0.246511     1.717338     2.196764     0.699611    -0.258364     35
    0.911391     2.629599     2.433968     2.305865     3.918544     1.640795     36
    3.267176     2.839567     3.061577     5.829998     5.025584     1.640795     36
   -0.746339    -1.367119    -2.465231     0.664290    -2.676546     1.640795     36
   -2.799576    -1.796645    -2.470395    -1.466858    -3.618136    -0.826774     37
   -1.234517    -0.611785     0.478702    -0.962490    -1.111237    -0.826774     37
   -0.740260    -1.090598    -0.545507    -0.644408    -1.440240    -0.826774     37
    0.444129     1.181083     0.784375     1.431748     0.035401    -1.005549     38
    1.432570     0.691102     1.476869     3.192110    -0.784461    -1.005549     38
   -0.880665    -1.259723     0.586908    -0.642812     0.081827    -1.005549     38
   -1.279237    -0.645048     0.485400     1.434164    -0.671323    -0.181022     39
   -0.305890    -0.018810     0.749956     0.441249    -0.318486    -0.181022     39
    2.585204     1.535271     2.732442     2.191169     0.770470    -0.181022     39
   -1.430184     0.655403    -0.386132    -1.116999    -0.078895    -0.354912     40
   -0.902367     2.022148     0.609202     0.891477     1.065685    -0.354912     40
   -0.961072    -0.583790    -0.651066    -0.475330    -0.352390    -0.354912     40
   -1.278693     0.127715     0.107392     0.426129     0.478655    -0.404515     41
   -0.937547    -0.664954    -1.618547     0.109374    -1.489510    -0.404515     41
    1.827454     3.096905     1.065737     1.260572     1.254907    -0.404515     41
    0.204896    -1.219505     1.318273    -2.694871    -1.253720    -0.498226     42
    0.457887    -0.024191    -0.177945    -0.298974    -1.547571    -0.498226     42
    0.465782     1.518125     0.224471     0.388399    -1.130266    -0.498226     42
    1.075278     1.160210     0.771306     0.811217     2.913944    -0.670437     43
   -3.858413    -3.005139    -3.966619    -2.524904    -4.948977    -0.670437     43
   -0.236446    -0.670448    -0.273129    -2.028240    -2.054705    -0.670437     43
   -3.682477    -1.025282    -2.116356    -0.855755    -1.024310    -0.641767     44
   -2.957613    -2.257578    -2.136714    -0.834903    -0.071970    -0.641767     44
    0.474955     0.455159    -1.381644     0.139224    -1.343034    -0.641767     44
   -0.953290    -1.965894    -0.279400    -0.452275    -0.587348    -0.988385     45
   -2.249712    -1.852187    -2.594107    -0.859964    -1.014825    -0.988385     45
   -1.136053    -1.511897    -0.246071    -1.363119    -0.626830    -0.988385     45
    0.047722     0.609320     1.226244     0.491789    -0.364484    -0.543929     46
   -0.651664     0.238768    -0.029867    -1.893442    -1.061240    -0.543929     46
   -1.569410    -1.417594    -1.373535    -0.370359    -0.460439    -0.543929     46
   -0.069246    -1.637463    -1.605957    -1.177880     0.592711     2.115135     47
   -1.262245    -3.790187    -3.173152    -3.366319    -2.765757     2.115135     47
    0.412664    -0.863948    -0.753944    -1.360477     2.345420     2.115135     47
   -0.993767    -0.956038    -1.103939    -1.603441    -0.437095    -0.723253     48
   -2.744834    -0.679862    -2.234190    -2.363898    -1.228930    -0.723253     48
    1.050956    -0.595912    -1.541991    -0.287068     0.505229    -0.723253     48
   -1.349616    -0.064871     0.776598     0.070557    -1.662983     0.869937     49
    1.676068    -1.052454     0.457970    -0.991244     1.217187     0.869937     49
   -4.420863    -1.613588    -3.133712    -2.311547    -3.356256     0.869937     49
    1.760164     3.690649     3.706865     2.739119     2.094338     0.895384     50
   -1.777774     1.643981     0.192637     1.421827     1.188359     0.895384     50
    1.785921     1.892897     3.507051     0.289897     1.212044     0.895384     50
    0.197445    -2.167345     0.461753    -0.548606    -0.682778    -0.045142     51
   -0.426601     1.625571     2.044596     0.617646     3.526198    -0.045142     51
   -0.351157    -1.457395    -0.003643    -0.741157    -0.554599    -0.045142     51
    0.140308    -0.094868    -0.664855    -0.401429     0.980295    -0.045142     51
    1.501010     2.941674     0.511269    -0.742934     2.569234    -0.045142     51
    1.698795     2.442495     0.946032     1.290786     0.501035    -0.418964     52
    0.176827    -0.800282    -0.900235     0.469444     0.044904    -0.418964     52
    0.633597     1.924062     0.433768     1.475465     1.665315    -0.418964     52
   -0.224882     0.844438     2.714548     2.885588     0.070839    -0.418964     52
   -1.217659     1.970275     0.886100     1.439945     0.468609    -0.418964     52
    1.600689     0.581106     0.038268    -1.312413    -1.396553    -1.112450     53
    2.894447     3.970438     2.142031     3.688764     2.279481    -1.112450     53
   -0.416119     0.913088     2.315882     0.327523     0.525492    -1.112450     53
    1.369355    -0.517442     1.593206     1.249742     0.056667    -1.112450     53
    1.473391     1.461661     0.163277     0.375421     0.689416    -1.112450     53
   -3.065770     0.544074    -3.025342    -2.104219     0.249948     1.146005     54
   -0.664046     0.211778     0.236040     0.151788     0.335282     1.146005     54
    0.370307    -0.786929    -0.569603    -1.103947     0.254425     1.146005     54
   -2.491050    -2.286850     0.679259    -2.462908    -1.023632     1.146005     54
   -0.396277    -2.204599    -0.797862    -0.037910     1.608540     1.146005     54
   -1.681127     0.952075    -0.910557    -0.187334     0.386577    -1.363545     55
   -0.797489     1.375881    -0.695002    -0.561303    -0.050089    -1.363545     55
   -0.925621     0.196325    -0.077059     0.326288    -0.913314    -1.363545     55
   -0.752537     0.100615    -0.956213    -1.574683     0.525569    -1.363545     55
   -1.571109     0.875525     1.218083    -0.638532     0.799447    -1.363545     55
    0.694753     0.173555    -0.157620    -1.319988     0.726612     2.875863     56
   -2.537078    -1.982368    -1.460212    -2.326694    -1.405566     2.875863     56
    0.648583    -0.798965    -0.789018    -0.883502     3.030468     2.875863     56
    0.070912    -0.268081    -0.878318    -1.410401     2.257796     2.875863     56
   -2.041541    -1.813083    -0.569254    -0.814915    -0.751625     2.875863     56
   -0.318644    -0.379719    -0.960019    -1.930881     0.345659    -0.583917     57
    0.587604     0.939336     0.840464     2.154566    -0.567952    -0.583917     57
   -1.470866     0.089733     1.644958     1.904755     0.150220    -0.583917     57
    0.524067    -0.855557    -2.272898     0.207219    -0.385659    -0.583917     57
   -1.007342     0.857102    -0.972496     1.046372    -0.010268    -0.583917     57
    0.050293     1.045496     0.351875    -0.692617     0.408465     1.612484     58
    0.636072     0.656680     2.214735     2.453443     0.399459     1.612484     58
    0.498996     1.295871     0.696016     0.128426     1.699383     1.612484     58
   -0.016011     0.078054    -1.151536    -0.725333     1.471583     1.612484     58
    1.936328    -0.071899     2.565361    -0.647817     2.489008     1.612484     58
    0.601997    -2.425747     0.339099     0.186558    -0.278231    -1.423844     59
   -0.234256    -0.131115     1.271439     0.064272    -0.081913    -1.423844     59
   -0.310952    -0.229229     2.400608    -1.018427     0.667724    -1.423844     59
   -3.350344    -2.455856    -1.882937    -0.313720     0.736112    -1.423844     59
   -1.018734    -1.371030    -1.615695    -4.043357    -0.265367    -1.423844     59
    0.802596    -0.805126     1.522404     1.373582     0.309827    -0.243523     60
   -3.103916    -3.333473    -3.235045    -0.262133    -0.943571    -0.243523     60
    0.400042    -0.730588    -0.336175    -1.542730     0.307121    -0.243523     60
   -0.333908    -0.195312    -1.198759    -0.432842    -0.299273    -0.243523     60
   -0.601193    -1.999342    -2.213563    -1.022182     0.210568    -0.243523     60
   -0.394405    -1.545186    -0.752523    -1.319942     2.203148     1.390626     61
    0.631602     3.320251     1.762470     0.910281     2.673235     1.390626     61
    1.631442     2.757015     1.290986     1.977699     2.727422     1.390626     61
   -0.944582    -1.464619    -1.841799    -2.333703     1.524078     1.390626     61
    0.838839     0.307088     3.164016     0.133298     0.795633     1.390626     61
    0.382182    -0.282647     1.555948     0.675525     2.181474     1.390626     61
   -0.151974     0.150149    -2.264025     0.260039     1.219313     1.390626     61
    0.307727    -1.074427     0.578937     0.754421     1.373367     1.390626     61
    2.641232     2.309188     3.021411     1.442507     1.567131     1.390626     61
    1.347525     1.192308     3.007102     1.219390     2.376197     1.390626     61
   -1.740255    -1.261618    -0.641982    -0.113640    -0.668864     0.549404     62
    0.257432     2.606593    -0.174946     2.610569     0.587508     0.549404     62
    0.622744     0.684745    -0.726808    -0.954500    -1.041262     0.549404     62
   -1.610002    -2.162351    -2.817236    -0.082173    -1.752109     0.549404     62
   -0.890349    -1.129670     1.358723     0.199908    -1.074626     0.549404     62
    0.435118    -1.227390    -1.370043     0.223294    -1.271389     0.549404     62
   -0.675702    -1.711376    -1.507229     0.821651    -0.644330     0.549404     62
   -2.610073    -3.816624    -4.515290    -1.791854    -1.553331     0.549404     62
   -1.672122    -1.881840    -1.298648    -1.049638    -2.335955     0.549404     62
    0.595540     2.952076     1.057984     1.181087     0.027149     0.549404     62
   -0.928175    -1.934373    -0.633826    -1.324624    -0.839456    -0.424093     63
    0.159441    -1.019311     1.357642     0.490327    -0.601348    -0.424093     63
   -1.263247    -0.684206    -2.625091    -3.551760    -1.294950    -0.424093     63
   -2.099996    -0.706071    -1.646985    -1.243622    -0.182828    -0.424093     63
   -0.695377    -0.653574    -1.389665    -1.026838     0.246473    -0.424093     63
    0.841692    -0.180751    -0.444820     0.145724    -0.844473    -0.424093     63
   -0.646632     0.683517    -0.785752    -0.200417     0.190912    -0.424093     63
   -0.377321    -2.066556     0.173385    -2.052010     0.262747    -0.424093     63
    0.406576     1.288880     1.851203    -0.087161    -0.895400    -0.424093     63
   -1.641153    -0.002849     0.072116     0.244627    -1.191459    -0.424093     63
    1.175227     0.221994     0.759525     0.037894     0.763744     0.017589     64
   -0.315274    -2.321461    -2.950611    -2.253621    -2.238012     0.017589     64
   -0.961182    -0.276533    -1.897071    -3.873373    -2.691033     0.017589     64
    4.027313     3.271723     3.096876     2.372153     2.628493     0.017589     64
   -0.040018     0.451920     2.309329     0.334189     1.668319     0.017589     64
    3.881219    -0.075747     0.474829    -0.603135     0.727380     0.017589     64
    1.650541    -0.424665    -0.422589     2.214554     0.825529     0.017589     64
   -0.440813    -1.021930     1.173354    -0.299606     0.204181     0.017589     64
    0.417569     0.070198     1.460103     1.084233     1.831523     0.017589     64
    0.318266     2.629467     1.168039     1.569505     3.413847     0.017589     64
   -1.035731    -1.471338     0.366207     0.080316    -2.114951     0.789451     65
   -0.852352    -2.763392     0.300960    -1.641764    -1.800049     0.789451     65
   -0.056157     0.619952     1.184930     1.387485     0.937042     0.789451     65
   -1.328417     2.345758     0.009120     1.093991     0.038685     0.789451     65
    1.394869     2.711043     0.249707     0.549928    -0.469088     0.789451     65
    1.272617     0.491063    -1.637336     2.555753     3.103543     0.789451     65
    1.901284    -0.189762     2.433042    -1.166627     1.164705     0.789451     65
   -0.757765     0.134960    -0.091895    -0.802260     0.475257     0.789451     65
   -0.480575    -1.648051    -1.380046    -0.596557    -3.188984     0.789451     65
   -1.105711     0.590244    -1.429808     1.766552    -0.253502     0.789451     65
   -1.658009     1.436633     1.460162     0.961822     0.495968    -0.481682     66
   -1.203666    -1.082622    -0.381397    -0.216475     0.226632    -0.481682     66
    0.500771    -1.688540    -0.885544    -0.172330    -2.077936    -0.481682     66
    1.646952     1.908341     0.387951     2.055068     0.124440    -0.481682     66
   -1.201806     0.070137    -0.576615    -0.816385    -0.054098    -0.481682     66
   -1.473745    -1.686678    -1.214695    -1.696472    -2.034596    -0.481682     66
   -0.609256    -2.152606    -0.669951     0.186172    -1.601010    -0.481682     66
   -1.000789    -1.227617    -0.116455    -0.447199    -0.172582    -0.481682     66
   -2.067039     0.908338     0.453233     1.123176    -0.460928    -0.481682     66
    1.154733     2.571062     2.858682    -0.167132     2.868957    -0.481682     66
    0.248862    -0.250814    -0.452796    -0.434137    -1.021144     0.153599     67
    1.305397    -0.019581     2.371807     2.173732     2.414041     0.153599     67
    0.099607    -1.054132     0.930362     2.669515     1.479277     0.153599     67
    2.366545     0.719751     1.285304     1.599265     2.016940     0.153599     67
   -2.840988    -2.371426    -1.576201    -3.497905    -3.753941     0.153599     67
   -0.368796     0.429863     1.152190     1.989485    -0.467259     0.153599     67
    1.175100    -0.462745     0.096780    -0.696861    -1.293824     0.153599     67
    2.474295    -0.992485     0.334283     0.077384     2.021549     0.153599     67
    2.445905     3.191272    -1.031840     2.051596     1.916779     0.153599     67
    0.144487     0.635585     0.382494    -1.909385    -1.671965     0.153599     67
   -0.096508     1.519655     2.137702     0.719705     0.538665    -0.246985     68
    0.423818     2.045362     2.059337     3.479902     2.422041    -0.246985     68
   -0.407941     1.383792     0.055576    -2.022417    -1.057800    -0.246985     68
    0.850464     1.794728     2.398906     2.924426     0.193364    -0.246985     68
    0.449791    -0.610611    -0.392825    -0.698239    -0.524157    -0.246985     68
   -1.450896     0.578653    -0.531815    -2.256237    -3.129357    -0.246985     68
    1.032178     0.050179     2.280867     0.429650     0.131245    -0.246985     68
   -0.581776    -0.164642     1.666292     0.340667     0.686980    -0.246985     68
   -1.907514    -0.133832    -2.021826    -2.425539    -2.584150    -0.246985     68
   -1.681796    -1.070466    -0.557051    -0.685662    -2.852245    -0.246985     68
   -2.063827    -1.170132    -1.631407    -1.421425    -2.630162     0.279473     69
   -2.011438     0.391879     2.485949    -1.846751     0.798783     0.279473     69
   -1.052954    -3.470622    -2.771969    -3.616552    -1.667055     0.279473     69
    0.508604    -0.743973    -2.701997    -0.651125    -0.493085     0.279473     69
   -2.141686    -0.446532    -3.712369     0.818936    -0.138333     0.279473     69
   -1.438336    -2.086631    -0.564541    -1.599070    -3.008974     0.279473     69
   -1.368619    -1.348877    -4.039269    -5.125286    -2.775645     0.279473     69
   -2.650629    -2.860814    -2.163159    -2.370348    -1.588043     0.279473     69
   -1.771439    -2.569591    -1.944394    -1.809203    -2.900452     0.279473     69
   -2.380399    -0.182463    -4.156775    -3.122200    -0.442378     0.279473     69
   -0.907241    -0.896584     0.480863    -0.047666    -0.994564    -0.740715     70
    0.276449     1.729823     0.830076    -0.351996     0.504191    -0.740715     70
   -0.626108     1.999043     0.246157    -0.293013    -1.275146    -0.740715     70
    0.009291    -0.974293     0.263905    -1.421476    -1.050798    -0.740715     70
   -1.953187     2.373832     1.256022     1.909701    -0.899198    -0.740715     70
   -0.576220     0.824497    -0.288948     1.039299     0.617463    -0.740715     70
   -2.150930     0.362278     1.995389     0.590426     0.367249    -0.740715     70
   -0.006617    -0.001127     2.585217     1.344269     2.049441    -0.740715     70
    0.664168    -0.311318    -0.415159     0.625772    -0.962929    -0.740715     70
    1.401820     0.310290     0.412028     1.175293     0.426171    -0.740715     70
    0.479049    -0.590328    -1.600406    -0.832367    -0.565287     0.367707     71
   -0.854026    -3.510606    -0.927269    -1.572637    -1.663042     0.367707     71
   -0.545838     1.060937    -0.393834    -0.828929     2.108004     0.367707     71
   -1.311765    -0.175866    -1.259701    -0.259797    -0.644281     0.367707     71
    0.863490    -1.182641    -1.045472    -0.896729    -0.250525     0.367707     71
   -2.942508    -1.044745    -1.046566     1.184723     0.599708     0.367707     71
    1.063219     0.799749    -0.429884     0.315193     0.509628     0.367707     71
    0.565126    -0.454383     1.583019     0.219913    -0.208128     0.367707     71
    2.754631     1.251644     2.350356     2.003895     1.395531     0.367707     71
    0.198956    -2.543712    -2.056022    -1.915500    -1.338177     0.367707     71
    1.195859     1.158675     0.681906    -1.225765    -0.277267     1.080925     72
    1.702823     1.933488     3.158161     1.066629     3.869258     1.080925     72
    1.501866     1.143313     1.184209     0.205990     3.694100     1.080925     72
   -0.196088     0.093265     0.496968    -0.714996    -0.093496     1.080925     72
    2.184500     1.628582     1.238026     2.292835     2.760043     1.080925     72
    0.573551     2.810161     0.522252     0.489084     1.711698     1.080925     72
    0.481508     0.244760     2.443717     0.492404     2.055361     1.080925     72
   -0.829212     1.407518     2.934865     1.284355     3.306922     1.080925     72
    0.828126     1.832619     0.051079    -0.447419     1.688081     1.080925     72
    0.423620    -3.244407    -0.548833    -1.392342    -1.833482     1.080925     72
    1.060243    -0.498572     0.001199    -0.513019     0.179882    -1.993420     73
   -1.428929    -1.700807    -2.215239    -2.505157    -3.021870    -1.993420     73
   -0.709531     0.435435    -3.098347     0.786351    -1.596686    -1.993420     73
   -1.636950    -2.027042    -1.854191    -0.680882    -1.874456    -1.993420     73
    0.878387    -1.436918     0.630137    -0.593495    -2.102728    -1.993420     73
    1.058093     0.523389    -0.674758    -0.742429    -0.297092    -1.993420     73
    0.503159    -3.085060     0.743284    -0.819935    -0.289956    -1.993420     73
   -1.894173    -0.052690    -0.699139    -0.627613    -2.391318    -1.993420     73
   -1.414913    -0.975310    -1.260169    -1.386592    -1.441775    -1.993420     73
    1.950153     1.730591     1.893040    -0.232656     0.958350    -1.993420     73
   -0.051688     0.545641    -0.663840    -1.112819     1.211288     0.659469     74
   -2.048886    -1.995868    -0.789096    -0.398018     1.263163     0.659469     74
   -0.803298    -0.502894    -2.942822     1.393724     0.789514     0.659469     74
   -1.387273    -2.086136    -1.881429    -0.942734    -0.571660     0.659469     74
   -0.604413    -1.721226     1.920617     0.269253     1.949129     0.659469     74
   -0.529065     0.205440     0.809916    -1.140649     0.923508     0.659469     74
   -0.550913    -0.640566    -0.927993    -0.228417     1.365959     0.659469     74
   -1.439087    -2.167997    -1.341772    -0.557243     1.176598     0.659469     74
   -1.621727    -2.429029    -2.559297    -2.425474     1.323889     0.659469     74
   -0.972441    -0.772216    -0.045215    -0.559632     2.113720     0.659469     74
    2.324062     0.968147     3.126978     2.793588    -0.368748    -1.104756     75
   -2.119026     0.733301     0.115580     1.543079    -2.149769    -1.104756     75
   -0.246194    -1.744341    -1.528585    -0.367670    -1.131723    -1.104756     75
    0.139465     0.110929     1.042122     0.130318    -0.930956    -1.104756     75
   -0.344342    -0.023651     1.891152    -1.281354    -0.570297    -1.104756     75
   -0.115988    -0.097815    -0.427070     1.627291    -0.063710    -1.104756     75
    0.004927     1.709643    -0.127127     1.689536     1.991350    -1.104756     75
   -1.054263     0.447531     0.567908    -1.334191    -0.624544    -1.104756     75
   -0.122514     0.153221    -0.117465    -0.901766    -0.606435    -1.104756     75
   -0.940926     0.766999     1.725031    -1.780899    -1.201930    -1.104756     75
   -4.096232    -2.635817    -2.249990    -4.956030    -2.555025     0.201490     76
   -0.495281    -0.998442    -1.655267    -1.042290     0.585774     0.201490     76
   -2.105685    -1.250197    -1.632900    -1.356773    -1.711329     0.201490     76
   -2.208665    -0.214099    -1.946124    -2.996378    -1.873702     0.201490     76
   -2.926333    -2.485196    -3.241954    -1.019800    -0.892686     0.201490     76
   -2.379480    -2.434126    -3.170980    -2.896223    -1.690134     0.201490     76
   -4.210019    -2.738559    -2.698082    -2.239032    -1.970155     0.201490     76
   -2.655432    -2.862640    -1.838931    -2.475616    -1.878868     0.201490     76
   -0.737854    -1.212200    -0.845986    -2.152514    -0.533462     0.201490     76
   -1.522446    -5.125901    -4.271942    -4.622586    -2.925048     0.201490     76
    2.847874     2.632563     1.134568     2.883509     1.562454     0.202838     77
   -0.323594    -0.154051     2.487624     1.042499    -0.181416     0.202838     77
    0.544330    -0.196627     0.760449     0.512975     0.446962     0.202838     77
    1.819707     0.847480     1.299483     0.809776     2.634327     0.202838     77
    1.198057     1.992519     1.840206     1.277218     3.076360     0.202838     77
    2.168920     1.017732     0.181113     0.610109     0.127753     0.202838     77
    0.899993     0.133272    -1.098856    -1.399455    -1.417120     0.202838     77
    1.288902     1.806141     2.176921     2.399169     0.873039     0.202838     77
   -1.521141     0.498509    -0.510898     0.206173    -1.225087     0.202838     77
    0.585542     0.040211    -0.929441     1.793304    -0.128174     0.202838     77
   -2.093333    -0.517102    -1.302648     0.934811    -0.666668     0.478404     78
   -1.386125    -1.878591    -0.399865    -1.921388    -2.833330     0.478404     78
   -0.882467    -2.474187    -1.836434    -2.597087    -3.860728     0.478404     78
    0.802512    -2.331613     0.765594     0.590054    -2.366946     0.478404     78
   -0.115272     1.492355     1.127619     0.956813    -1.146772     0.478404     78
    0.200644     0.963777     1.494864     1.416748     0.456254     0.478404     78
    0.973496     0.310052    -0.924308     0.517478    -0.094724     0.478404     78
   -1.422874    -0.385200    -2.101428    -0.191319    -4.134375     0.478404     78
    0.369806     0.430698     0.343956    -1.509217     1.603230     0.478404     78
    1.353735     0.309831     0.594175     0.877220     1.133400     0.478404     78
   -0.466268     0.293647     1.001823     0.470436    -0.862060    -0.969178     79
   -1.840931    -1.675136    -2.604833    -2.469036    -2.318163    -0.969178     79
   -3.700230    -3.114687    -2.121994    -4.124182    -4.006019    -0.969178     79
   -2.086376     1.331947     0.103231     2.834626    -1.296081    -0.969178     79
   -1.325451    -2.521615    -1.762292    -0.448254    -1.999649    -0.969178     79
   -1.009092    -1.633556    -1.383038    -0.685752    -1.882585    -0.969178     79
   -1.747969    -1.257162    -0.623964    -0.971184    -0.650841    -0.969178     79
    0.979581    -0.160999    -1.010686    -1.158320    -1.824326    -0.969178     79
    0.973279    -1.199431     0.536752    -0.261819    -1.110616    -0.969178     79
   -1.038736    -3.411544    -2.967443    -1.218663    -1.374789    -0.969178     79
    0.545263    -1.328804     1.039402    -1.549363    -1.862389    -0.663116     80
    1.490585    -0.342989     0.867928    -0.905508    -1.249667    -0.663116     80
    3.329301     1.932249     1.238641     3.359651     2.041045    -0.663116     80
    1.504197     1.087928     0.518248     0.734962    -0.158665    -0.663116     80
    0.837908     0.421178    -0.303788    -1.286839    -0.281523    -0.663116     80
    1.741970     0.393707     1.321565     1.423699     0.155609    -0.663116     80
    0.830675     2.216588     2.758490     1.073299    -0.397221    -0.663116     80
    2.988208     4.363718     2.626477     2.281812     0.583019    -0.663116     80
    0.117872     1.224463    -0.514169     0.616948    -0.181279    -0.663116     80
    1.548794     1.630972     1.127999     1.234665     0.985005    -0.663116     80
   -0.228093    -0.551156    -0.892113     1.514954     1.192367     0.823603     81
    1.122081     1.875211     2.672064     2.207449     0.491102     0.823603     81
   -0.589471    -0.850560    -2.092464    -0.678740     1.235193     0.823603     81
    0.599033     1.021740     2.767937     1.806319     1.164952     0.823603     81
   -3.354026    -1.762099    -1.224944    -2.418708    -1.357936     0.823603     81
   -2.790533     2.153372     2.057545    -0.656238     1.710927     0.823603     81
    0.718832    -0.153502     0.078897    -2.211302     1.882703     0.823603     81
    0.534203     0.197824    -0.267599    -0.667607     1.307329     0.823603     81
    0.625118     1.090136     0.033806    -1.068948     1.731583     0.823603     81
    0.868864    -2.026131    -0.731688    -0.070824     0.543973     0.823603     81
   -0.010180    -1.666524    -0.072042    -1.265060    -0.928061    -0.947831     82
   -0.808488    -1.136021    -0.590413    -0.966240    -1.424873    -0.947831     82
    0.203689     0.297906     1.640678    -0.534595    -0.027507    -0.947831     82
   -0.023322     0.117205    -0.244224    -1.410518    -1.833749    -0.947831     82
   -0.391528    -0.547336    -0.764577    -0.071594    -1.854237    -0.947831     82
    0.888938    -0.453614    -0.982540     0.181215    -0.445780    -0.947831     82
    2.152477     0.376878     0.613873    -0.754237    -1.200005    -0.947831     82
    2.193188     4.886244     1.846107     4.039370    -0.533275    -0.947831     82
    0.136657     1.760713     0.771419    -1.449520    -0.599754    -0.947831     82
    1.723606     1.229012     1.757784     0.921640    -0.264642    -0.947831     82
   -0.764626     1.114091     1.129375     0.414738     0.558399    -0.341948     83
    0.586486     2.884846     2.160857     3.595318     0.892391    -0.341948     83
    2.141540     0.839575    -0.760746     0.014908     0.690597    -0.341948     83
    2.934997     2.984201     1.881945     1.974859     1.247070    -0.341948     83
    0.712191     4.221412     1.436775     0.492827     1.413338    -0.341948     83
    0.413018    -1.670201    -1.815552    -2.733832    -1.334285    -0.341948     83
    0.153526     0.827297    -0.060748     1.909010    -0.682405    -0.341948     83
   -2.481271     0.304483     0.736120     0.625517    -0.076807    -0.341948     83
   -1.056400    -0.265053    -2.090809     0.244441    -0.400551    -0.341948     83
    0.879860     1.739490     0.074839     0.234746     0.548885    -0.341948     83
   -0.936787    -3.645663    -1.210922    -0.467688    -2.429253     0.061168     84
   -0.069659     0.162374     0.569297     0.565346     1.381579     0.061168     84
   -1.031483    -0.490643    -1.404115    -1.273194    -1.593907     0.061168     84
   -2.405249    -0.393542    -1.608258    -0.999029     0.201537     0.061168     84
   -1.583449    -1.359395    -0.652588    -1.986477    -0.148112     0.061168     84
    1.005176     2.759063     0.833349     1.039466     2.867009     0.061168     84
    0.821103     0.450169     0.623636    -1.345647    -0.172148     0.061168     84
   -0.016073    -2.543269    -0.516769    -1.349610    -1.701902     0.061168     84
   -2.894459    -0.212646    -0.309750    -0.793094    -0.279249     0.061168     84
   -0.361130     0.095229    -0.105008     0.445548     0.358393     0.061168     84
   -0.953238    -0.105671    -2.387710    -0.873430    -0.929645     1.662082     85
    0.295389     1.227339     1.700904    -0.507998     4.199677     1.662082     85
    0.163552     0.128137    -1.150493    -1.561979     2.313106     1.662082     85
    1.090265     1.202005     1.606544     2.931950     4.413723     1.662082     85
   -1.939547    -2.295846    -3.274712    -2.668062    -1.679633     1.662082     85
   -0.036774     1.214370     1.131005     2.729235     4.078630     1.662082     85
   -0.436002    -1.027257    -1.129963    -0.846593    -0.153294     1.662082     85
   -0.875032    -0.646645    -2.079346    -0.759202     0.248517     1.662082     85
   -0.760024    -3.910948    -3.820623    -1.181275    -0.677568     1.662082     85
   -1.315509     0.090242    -2.568374     0.892345     1.574630     1.662082     85
   -0.361441    -1.467138    -1.298573    -0.689083     0.228961     0.870760     86
   -2.059951    -2.594569    -0.546328    -0.927881    -2.285572     0.870760     86
   -0.324564     1.519685    -2.304938    -0.491261    -0.642643     0.870760     86
   -0.940993    -1.123984    -2.100651    -1.525081    -1.265406     0.870760     86
    0.242070    -1.239476    -1.427521    -0.812941    -0.615672     0.870760     86
    1.000799     0.281343     1.071977    -0.320221     0.954730     0.870760     86
    0.098742     0.912019     0.458302     1.001939     2.179817     0.870760     86
   -0.329037     0.734238    -1.202193    -0.064257     0.181265     0.870760     86
   -1.662392    -3.301328    -3.152621    -2.769375    -4.601988     0.870760     86
   -2.641791    -1.319820    -2.218244    -1.908179    -2.914020     0.870760     86
   -0.060567    -0.843328    -1.898171    -0.885970    -2.024948    -2.980184     87
   -0.759939    -0.250191    -0.654284    -1.596206    -0.244561    -2.980184     87
    1.739475     0.906651     1.709139     2.348426    -1.574310    -2.980184     87
    1.133150     1.318850     2.412248     2.860775    -1.674342    -2.980184     87
   -0.929297    -2.422217    -0.183078    -0.631970    -0.616793    -2.980184     87
   -0.857160     2.173308    -0.073788     1.455311    -1.070130    -2.980184     87
   -1.704647     0.148151     0.004730    -0.169240    -2.105327    -2.980184     87
    0.621799     0.408245     1.993206     2.563621    -2.381932    -2.980184     87
    1.122273     0.431710     1.222400     0.411403    -1.004714    -2.980184     87
   -0.854860    -0.522803    -0.587340     0.383695    -0.489807    -2.980184     87
   -0.076975    -1.016740     1.440305    -0.040887     0.385968     0.201324     88
    2.588297     2.271544     0.390012     2.915846     1.195938     0.201324     88
    1.206803     1.755270    -0.579744     2.068795     1.286787     0.201324     88
   -0.284086     1.468423    -0.090222     0.227393    -1.841784     0.201324     88
   -0.946731     0.725514    -0.551759     0.186420     0.083814     0.201324     88
    1.774939     2.095182     1.950269     1.891847     1.172988     0.201324     88
    2.390885    -0.457602     1.466067     0.833535     0.933269     0.201324     88
    0.010168     0.383288    -0.110299     0.475384    -0.449964     0.201324     88
    0.791678     1.133183    -0.088605     0.709097    -1.345023     0.201324     88
   -0.197914    -0.743616    -0.920969    -1.665553    -0.316663     0.201324     88
   -2.549259    -1.129484    -0.891128    -1.990963    -2.757365    -0.964099     89
   -1.698949    -0.908709    -1.001863    -1.460117    -2.203198    -0.964099     89
   -1.992991    -0.794902     1.256727     1.594000     0.628188    -0.964099     89
   -2.090332     0.599674     0.067859    -1.126898    -2.009641    -0.964099     89
   -4.319585    -3.041903    -2.802391    -4.076945    -3.261921    -0.964099     89
    2.038255    -0.330169    -0.940308     0.391076     1.797760    -0.964099     89
   -5.275484    -3.836226    -3.355016    -3.707524    -5.862966    -0.964099     89
   -0.415607    -1.294366    -1.333835    -3.721063    -1.566848    -0.964099     89
    0.443371    -0.725462     0.415325     1.279457    -0.821894    -0.964099     89
    1.399345     2.708656     0.441594     0.095711     2.699459    -0.964099     89
   -1.540735    -0.786367    -1.271141    -0.464600     0.823798     1.957890     90
   -0.279511    -1.200868    -0.462793    -1.628037     1.746274     1.957890     90
    1.469814     1.496357     1.444667     2.537951     2.440037     1.957890     90
    0.405275     0.156852    -0.126494    -0.804381     2.286255     1.957890     90
   -2.519470    -3.698756    -4.320643    -2.178620     0.441020     1.957890     90
   -2.317215    -2.152131    -2.825190    -1.292397     1.535459     1.957890     90
   -1.120188    -0.836887    -1.984720     0.615781     0.861305     1.957890     90
   -1.180192     0.247635    -0.076936     0.072874     2.146959     1.957890     90
    0.219676     1.446265    -2.117819    -1.110303     1.503576     1.957890     90
   -1.169775    -0.217604    -0.236608    -0.445339     1.684809     1.957890     90
