     1.000    -1.125    -1.759    -1.263    -2.272    -1.695    -4.833     0.000     3.000     0.070    15.000     3.000     7.000    15.000    35.000     0.000  1
     1.000    -1.125    -1.759    -1.263    -2.272    -1.695    -4.833    -0.170    12.000     0.000     2.000    -0.160     0.090    -0.100    -0.080     1.000  1
     1.000    -1.125    -1.759    -1.263    -2.272    -1.695    -4.833    -0.250    20.000     0.110     9.000    12.000     5.000     2.000     2.000     2.000  1
     1.000    -1.125    -1.759    -1.263    -2.272    -1.695    -4.833    -0.140     7.000     0.000     6.000     0.060     0.070    -0.190    -0.300     3.000  1
     1.000    -1.125    -1.759    -1.263    -2.272    -1.695    -4.833    -0.200     5.000     0.000     5.000    20.000    20.000     9.000     9.000     4.000  1
     1.000    -1.125    -1.759    -1.263    -2.272    -1.695    -4.833    -0.140     7.000     0.030    35.000    -0.010     0.100    -0.160    -0.150     5.000  1
     1.000    -1.125    -1.759    -1.263    -2.272    -1.695    -4.833     0.000     5.000     0.000     2.000     7.000    12.000     6.000     6.000     6.000  1
     1.000    -1.125    -1.759    -1.263    -2.272    -1.695    -4.833    -0.150    20.000     0.000     9.000     0.210     0.120    -0.170     0.060     7.000  1
     1.000    -1.125    -1.759    -1.263    -2.272    -1.695    -4.833    -0.170    12.000     0.000     6.000     5.000     3.000     5.000    15.000     8.000  1
     1.000    -1.125    -1.759    -1.263    -2.272    -1.695    -4.833     0.000     3.000     0.000    15.000     0.100     0.100    -0.120    -0.100     9.000  1
     2.000     0.102    -0.516     0.702    -3.164    -2.819    -0.089    -0.100    10.000    -0.060    35.000    10.000    10.000     3.000    28.000     0.000  2
     2.000     0.102    -0.516     0.702    -3.164    -2.819    -0.089    -0.200     5.000     0.000    10.000     0.300     0.780     0.420    -1.620     1.000  2
     2.000     0.102    -0.516     0.702    -3.164    -2.819    -0.089     0.000     7.000     0.040    28.000     5.000     3.000    12.000    15.000     2.000  2
     2.000     0.102    -0.516     0.702    -3.164    -2.819    -0.089    -0.330     3.000    -0.080    12.000     0.070     0.360     1.430    -2.040     3.000  2
     2.000     0.102    -0.516     0.702    -3.164    -2.819    -0.089     0.000    28.000     0.000     5.000     7.000    28.000    20.000    35.000     4.000  2
     2.000     0.102    -0.516     0.702    -3.164    -2.819    -0.089     0.000    10.000    -2.000    20.000     0.100     2.190     1.300    -0.320     5.000  2
     2.000     0.102    -0.516     0.702    -3.164    -2.819    -0.089     0.000     3.000     0.000     3.000     3.000     7.000     5.000     3.000     6.000  2
     2.000     0.102    -0.516     0.702    -3.164    -2.819    -0.089     0.000    28.000    -3.000    15.000     0.310     0.790    -0.500    -0.210     7.000  2
     2.000     0.102    -0.516     0.702    -3.164    -2.819    -0.089    -0.140     7.000     1.000     5.000    28.000     5.000    10.000     5.000     8.000  2
     2.000     0.102    -0.516     0.702    -3.164    -2.819    -0.089     0.000     5.000     1.000     3.000     2.300     0.390    -0.800    -0.060     9.000  2
     1.000    -4.980    -2.572    -5.298    -1.842    -1.825    -2.371    -0.430     7.000     0.000     2.000     3.000     7.000    10.000    28.000     0.000  3
     1.000    -4.980    -2.572    -5.298    -1.842    -1.825    -2.371     0.500     2.000    -0.140     7.000    -0.440     1.030    -0.100     3.480     1.000  3
     1.000    -4.980    -2.572    -5.298    -1.842    -1.825    -2.371    -0.200     5.000    -0.100    10.000    12.000     5.000    18.000    10.000     2.000  3
     1.000    -4.980    -2.572    -5.298    -1.842    -1.825    -2.371    -0.200     5.000    -0.140    28.000     1.740     0.240     1.270     1.970     3.000  3
     1.000    -4.980    -2.572    -5.298    -1.842    -1.825    -2.371    -0.250    12.000    -2.000    18.000    20.000    20.000     5.000     7.000     4.000  3
     1.000    -4.980    -2.572    -5.298    -1.842    -1.825    -2.371     0.580    12.000    -6.000    28.000     6.210     8.350     0.160     0.960     5.000  3
     1.000    -4.980    -2.572    -5.298    -1.842    -1.825    -2.371    -0.250    20.000    -2.000    10.000     7.000    12.000    28.000    10.000     6.000  3
     1.000    -4.980    -2.572    -5.298    -1.842    -1.825    -2.371     0.000     3.000    -1.000     3.000     1.600     3.700     3.430     1.440     7.000  3
     1.000    -4.980    -2.572    -5.298    -1.842    -1.825    -2.371    -0.300    20.000    -2.000     7.000     5.000     3.000     2.000     5.000     8.000  3
     1.000    -4.980    -2.572    -5.298    -1.842    -1.825    -2.371    -0.290     7.000    -1.000     5.000     0.340    -0.560     0.100     0.720     9.000  3
     2.000    -2.192    -1.640    -3.813     0.910    -0.021    -2.536    -0.100    10.000     0.000    12.000    28.000     5.000     3.000     5.000     0.000  4
     2.000    -2.192    -1.640    -3.813     0.910    -0.021    -2.536     0.040    28.000     0.000    20.000     0.600     1.150     0.230     0.630     1.000  4
     2.000    -2.192    -1.640    -3.813     0.910    -0.021    -2.536     0.000     3.000     0.000     5.000     3.000    10.000    35.000     3.000     2.000  4
     2.000    -2.192    -1.640    -3.813     0.910    -0.021    -2.536     0.000    10.000     0.100    10.000     1.330     1.900    -2.730     0.290     3.000  4
     2.000    -2.192    -1.640    -3.813     0.910    -0.021    -2.536     0.000     7.000     5.000    28.000     7.000    10.000     5.000    28.000     4.000  4
     2.000    -2.192    -1.640    -3.813     0.910    -0.021    -2.536     0.040    28.000     1.000    15.000     1.090     2.950     0.080    -1.800     5.000  4
     2.000    -2.192    -1.640    -3.813     0.910    -0.021    -2.536     0.000     5.000     0.000     5.000     3.000    28.000    20.000    10.000     6.000  4
     2.000    -2.192    -1.640    -3.813     0.910    -0.021    -2.536     0.000     5.000     0.000     3.000     1.390     5.610    -1.530    -0.880     7.000  4
     2.000    -2.192    -1.640    -3.813     0.910    -0.021    -2.536    -0.140     7.000     3.000    35.000     5.000     7.000    12.000    15.000     8.000  4
     2.000    -2.192    -1.640    -3.813     0.910    -0.021    -2.536     0.000     3.000     1.000    12.000     1.810     3.030     0.100    -1.480     9.000  4
     2.000    -4.022    -4.416    -0.391    -5.493    -3.874    -1.531     0.290     7.000    -0.130    15.000     7.000    12.000    15.000     6.000     0.000  5
     2.000    -4.022    -4.416    -0.391    -5.493    -3.874    -1.531     0.250    20.000    -0.110     9.000    -1.680    -2.540     1.100    -0.010     1.000  5
     2.000    -4.022    -4.416    -0.391    -5.493    -3.874    -1.531     0.200     5.000    -0.500     2.000    20.000     3.000    35.000     9.000     2.000  5
     2.000    -4.022    -4.416    -0.391    -5.493    -3.874    -1.531     0.300    20.000    -0.130    15.000    -3.850    -1.460    -1.250     0.930     3.000  5
     2.000    -4.022    -4.416    -0.391    -5.493    -3.874    -1.531     0.140     7.000    -1.000     9.000     5.000    12.000     9.000    15.000     4.000  5
     2.000    -4.022    -4.416    -0.391    -5.493    -3.874    -1.531     0.170    12.000    -1.000     6.000    -0.780    -3.920     1.020     1.920     5.000  5
     2.000    -4.022    -4.416    -0.391    -5.493    -3.874    -1.531     0.170    12.000    -1.000     6.000    20.000     5.000     5.000     6.000     6.000  5
     2.000    -4.022    -4.416    -0.391    -5.493    -3.874    -1.531     0.330     3.000    -1.000     5.000    -2.760    -1.550    -0.410     0.500     7.000  5
     2.000    -4.022    -4.416    -0.391    -5.493    -3.874    -1.531     0.200     5.000    -7.000    35.000     7.000     3.000     2.000     5.000     8.000  5
     2.000    -4.022    -4.416    -0.391    -5.493    -3.874    -1.531     0.170     3.000    -1.000     5.000    -1.260    -1.100    -0.160    -0.530     9.000  5
     1.000    -2.625    -5.860    -4.687    -2.459    -2.316    -1.941     0.100    10.000     0.170     6.000    10.000    28.000    12.000    12.000     0.000  6
     1.000    -2.625    -5.860    -4.687    -2.459    -2.316    -1.941     0.200     5.000     0.110     9.000     0.620    -2.290    -2.420    -2.150     1.000  6
     1.000    -2.625    -5.860    -4.687    -2.459    -2.316    -1.941     0.000     7.000     0.000     3.000     5.000     3.000    35.000     9.000     2.000  6
     1.000    -2.625    -5.860    -4.687    -2.459    -2.316    -1.941     0.200     5.000     0.040    47.000    -0.190     1.650    -5.040    -1.500     3.000  6
     1.000    -2.625    -5.860    -4.687    -2.459    -2.316    -1.941     0.330     3.000     3.000    35.000     7.000     7.000    18.000     3.000     4.000  6
